ACTIVE_PART_STACK__BORDER_COLOR=24.532019, 0.0, 0.6117021, 71|24.532019, 0.0, 0.611702, 100
ACTIVE_PART_STACK__HEADER_BACKGROUND_COLOR=0.0, 0.015957447, 0.86702126, 100|0.0, 0.0, 0.7606383, 100
ACTIVE_PART_STACK__SELECTED_FILL_COLOR=0.0, 0.0, 1.0, 36|24.532019, 0.82520324, 0.9647059, 36|0.0, 0.0, 1.0, 37
ACTIVE_PART_STACK__SELECTED_TEXT_COLOR=0.0, 0.06382979, 0.05851066
ACTIVE_PART_STACK__UNSELECTED_FILL_COLOR=0.0, 0.015957447, 0.86702126, 36|0.0, 0.0, 0.7606383, 65
TEXT_EDITOR__RULER_COLOR=300.0, 0.0, 0.87765956
TEXT_EDITOR__UNDER_LINE_COLOR=48.75, 0.0, 0.82978725
TEXT_EDITOR__UNDER_LINE_STYLE=0
WINDOW__BACKGROUND_COLOR=0.0, 0.0, 0.8031915
WINDOW__PERSPECTIVE_SWITCHER_TEXT_COLOR=24.532019, 0.0, 0.037234068
WINDOW__STATUS_BAR_FILL_COLOR=0.0, 0.0, 0.93085104, 0|0.0, 0.0, 0.6648936, 5|0.0, 0.0, 0.81960785, 5|0.0, 0.0, 1.0, 27|0.0, 0.0, 1.0, 47|0.0, 0.0, 0.87234044, 100
WINDOW__STATUS_BAR_TEXT_COLOR=209.18918, 0.87765956, 0.90957445
WINDOW__TOOLBAR_FILL_COLOR=0.0, 0.0, 0.93085104, 42|0.0, 0.0, 0.84042555, 61
eclipse.preferences.version=1
